A	B	C	D	Ln_Odds_Ratio	AsyVarPhi	AsyVarOR	G	Phi	pwr_Wald_LnOdds	pwr__Wald_Phi	pwr_Rao_LnOdds	pwr__Rao_Phi
0.180372335	0.181827093	0.498827018	0.138973555	-1.286008672	0.009897826	0.202441345	0.050334431	-0.292544232	83	83	84	85
0.29043687	0.079249347	0.506734622	0.123579161	-0.112318443	0.010161648	0.261268882	0.037676523	-0.021980145	7	6	8	7
0.45331698	0.211190973	0.238247962	0.097244084	-0.132259035	0.00981933	0.214217224	0.047553131	-0.028584931	5	7	7	5
0.623227245	0.198050213	0.079126155	0.099596388	1.376473036	0.011476088	0.293323467	0.030684981	0.264884907	79	76	82	77
0.155785166	0.416850324	0.075469742	0.351894768	0.555351061	0.009291693	0.249101411	0.043506087	0.111996701	12	19	18	17
0.122540932	0.298300435	0.414512019	0.164646614	-1.812956561	0.008285675	0.199989529	0.06059885	-0.420334991	100	100	99	100
0.283302198	0.060671694	0.083302306	0.572723801	3.468964241	0.005759924	0.337624621	0.052398562	0.686740022	100	100	100	100
0.558380637	0.203712217	0.106826729	0.131080417	1.212935417	0.010637808	0.236896366	0.040378327	0.255946739	67	67	70	67
0.157759762	0.568304452	0.11702013	0.156915656	-0.98822143	0.011077812	0.230167609	0.039634975	-0.209699433	57	52	55	52
0.326115859	0.45784045	0.153578985	0.062464706	-1.238881342	0.008844772	0.277709097	0.042272373	-0.242915086	67	73	70	75
0.41479542	0.4297348	0.090213222	0.065256558	-0.359232291	0.009820516	0.311468236	0.032821438	-0.064579351	7	13	10	9
0.589272873	0.161855919	0.190768042	0.058103166	0.103344711	0.010282971	0.303280754	0.032073648	0.01877079	5	9	11	5
0.10372813	0.122770935	0.28144576	0.492055175	0.39010414	0.010340442	0.233712117	0.041489328	0.080939963	16	20	20	16
0.133642072	0.48678997	0.327567424	0.052000534	-3.133107567	0.005802757	0.318203261	0.058519679	-0.630433136	100	100	100	100
0.143319364	0.105523474	0.21067329	0.540483872	1.248298277	0.010327208	0.230508688	0.042745231	0.267139259	78	75	78	78
0.281313713	0.110292552	0.451189571	0.157204165	-0.118008143	0.010106667	0.211990636	0.046683391	-0.025636743	7	8	7	8
0.227933274	0.496075466	0.055612849	0.220378412	0.599256724	0.008602425	0.289221769	0.040592994	0.11238702	14	26	23	22
0.31725817	0.11642586	0.162326262	0.403989708	1.91424231	0.008043698	0.203769074	0.061298182	0.441344162	98	98	98	99
0.260566096	0.163685152	0.306226784	0.269521969	0.337235728	0.009856128	0.169229138	0.059975808	0.082088784	15	17	17	15
0.056469683	0.638830917	0.231656518	0.073042881	-3.580144966	0.006322006	0.372813005	0.043454021	-0.690142978	100	100	100	100
0.050939371	0.248757296	0.190224978	0.510078354	-0.599484699	0.008524435	0.308685796	0.038408641	-0.108871554	11	28	24	26
0.344172376	0.212904267	0.378841438	0.064081918	-1.296655498	0.008134894	0.258471202	0.049413798	-0.263624845	76	82	75	84
0.281324152	0.143404355	0.378141824	0.19712967	0.022431689	0.009988847	0.182452209	0.054870279	0.005251587	6	8	7	6
0.349241905	0.300431807	0.093078886	0.257247402	1.167134927	0.008695453	0.208227707	0.056142252	0.261149592	73	76	70	79
0.331351308	0.532474147	0.052794973	0.083379572	-0.017367825	0.010028942	0.358305128	0.027828906	-0.0029015	1	6	6	2
0.3678573	0.154434456	0.100150597	0.377557647	2.19497356	0.007439366	0.218272495	0.062120404	0.495188597	100	100	100	100
0.12994868	0.326079354	0.139963889	0.404008077	0.140049252	0.010039212	0.203819818	0.048883922	0.031031534	3	4	4	3
0.613873071	0.104890839	0.183594435	0.097641655	1.135443036	0.011625568	0.268510411	0.032648634	0.225150031	67	63	67	65
0.085199841	0.136320913	0.153951219	0.624528027	0.930348211	0.011884665	0.271695159	0.031378502	0.181906724	51	44	48	46
0.102347063	0.340001827	0.127319193	0.430331916	0.017278168	0.01001048	0.228898997	0.043641898	0.003611423	4	6	7	4
0.065986901	0.683282652	0.130159003	0.120571444	-2.413966692	0.010899899	0.325947945	0.029621131	-0.470514433	98	98	98	98
0.184195957	0.374421551	0.062999555	0.378382938	1.083396952	0.008430436	0.266157405	0.045883066	0.215254434	63	69	63	69
0.281945498	0.15926463	0.291513152	0.267276719	0.484346022	0.009762753	0.169974605	0.060305545	0.117805565	20	21	21	21
0.417155098	0.225785882	0.107279764	0.249779256	1.459008473	0.008782659	0.201511223	0.057254903	0.334229541	89	89	89	90
0.142069849	0.660125292	0.059115928	0.138688931	-0.683377706	0.012113505	0.326799506	0.025501166	-0.120986295	15	13	17	15
0.25688093	0.151830092	0.297546434	0.293742544	0.512983975	0.009723426	0.172443255	0.059700683	0.123928534	17	19	19	18
0.358640296	0.064098583	0.445846368	0.131414753	0.500281626	0.009288301	0.282416989	0.038383072	0.094696234	12	25	22	22
0.203077223	0.176083285	0.448225651	0.172613841	-0.811610608	0.01007507	0.186276632	0.053460596	-0.189741218	43	42	43	43
0.382079448	0.080421868	0.357988553	0.179510132	0.86807308	0.009060887	0.234157873	0.047821341	0.18198673	43	50	47	49
0.287193604	0.161913575	0.192376748	0.358516074	1.19561168	0.009184748	0.176455147	0.061749219	0.289001525	88	89	88	89
0.095529008	0.385081194	0.189296797	0.330093001	-0.837965953	0.009294593	0.213770383	0.050848433	-0.183423143	47	52	46	51
0.085214087	0.427677366	0.386705828	0.100402719	-2.961677305	0.006047936	0.266191946	0.062261461	-0.628518972	100	100	100	100
0.100715029	0.197447388	0.347596868	0.354240715	-0.65424384	0.009392322	0.206934801	0.051756322	-0.144855855	25	31	29	27
0.098806075	0.186359282	0.384939566	0.329895076	-0.788829039	0.009384669	0.211158914	0.050907662	-0.173478253	41	45	44	44
0.205183334	0.238002629	0.308864318	0.24794972	-0.368053924	0.009925197	0.163460678	0.061644344	-0.091167694	10	11	12	11
0.18774286	0.194046466	0.533549827	0.084660847	-1.873923613	0.008999911	0.241659138	0.047448247	-0.402334497	98	98	97	98
0.063781988	0.353232109	0.268956017	0.314029886	-1.55671425	0.007665067	0.254118977	0.053976856	-0.322707827	90	93	87	95
0.379250009	0.091871124	0.420964714	0.107914153	0.056595887	0.009976955	0.251637171	0.039834449	0.011283083	1	2	3	2
0.159886213	0.101784818	0.517758779	0.220570189	-0.40169206	0.010535353	0.225442014	0.042202892	-0.084863751	13	12	14	13
0.131634323	0.284310758	0.303288011	0.280766908	-0.847198136	0.009352696	0.179729502	0.059704839	-0.201638398	59	60	59	60
0.264182648	0.23097974	0.377389484	0.127448128	-0.951257613	0.009397882	0.186107558	0.057483951	-0.223140485	60	63	62	64
0.135043808	0.123129767	0.680839686	0.060986739	-2.320310004	0.011061947	0.333922991	0.028769675	-0.445686934	100	100	100	100
0.060597355	0.119648337	0.304185582	0.515568726	-0.152673038	0.009713903	0.300872691	0.034237754	-0.027849935	5	7	7	6
0.07813138	0.466758817	0.230539389	0.224570414	-1.813653331	0.008270616	0.237319888	0.052918266	-0.391498918	98	99	98	99
0.091623116	0.227195441	0.324083444	0.357098	-0.811117797	0.009029652	0.212017499	0.052750222	-0.17812996	47	57	47	55
0.084247951	0.297177316	0.159596902	0.458977832	-0.2042141	0.009715493	0.236792596	0.043503694	-0.042002257	4	11	8	8
0.102560983	0.21160228	0.143252631	0.542584105	0.607482488	0.010802082	0.232998503	0.039944847	0.126764303	21	18	22	19
0.064166399	0.162684385	0.187114441	0.586034775	0.211326368	0.010539643	0.287820584	0.032997568	0.039433259	5	3	8	6
0.084866925	0.237221192	0.50915791	0.168753973	-2.132224894	0.008173188	0.238884421	0.052656504	-0.46394471	100	100	99	100
0.678053512	0.094980347	0.056106122	0.17086002	3.079155907	0.008605465	0.356794149	0.034242938	0.597266514	100	100	100	100
0.207022627	0.357985156	0.21249281	0.222499408	-0.50164714	0.009935509	0.168242374	0.059851431	-0.122654442	26	26	27	26
0.051836713	0.455378574	0.196393583	0.29639113	-1.761471219	0.007746608	0.29953058	0.046643289	-0.342961018	94	95	91	95
0.207913698	0.216671495	0.24371868	0.331696127	0.266945383	0.009991665	0.165428686	0.0605066	0.065685092	7	7	7	7
0.106511459	0.148846908	0.198471142	0.546170491	0.677621728	0.010864506	0.229764194	0.040305856	0.142613797	28	27	33	27
0.056470004	0.214861833	0.289930669	0.438737494	-0.922026139	0.008141594	0.280910379	0.044763174	-0.177336003	42	53	48	54
0.279463616	0.070569922	0.230568242	0.41939822	1.974542088	0.007558088	0.244701059	0.056854619	0.423311885	100	100	100	100
0.21916902	0.606723469	0.068927538	0.105179973	-0.595612762	0.011305842	0.302263889	0.029491726	-0.109285469	23	21	25	22
0.178476915	0.291318411	0.139716947	0.390487727	0.537820373	0.009890428	0.187538635	0.054038707	0.124712393	29	30	29	30
0.213371388	0.51462282	0.082468131	0.189537661	-0.04822418	0.010087878	0.240317272	0.041250946	-0.009837696	3	6	7	4
0.130080339	0.31662618	0.205901727	0.347391754	-0.366515471	0.009771354	0.185811357	0.055140887	-0.085192734	10	15	13	12
0.340343307	0.494036292	0.090119723	0.075500678	-0.549651548	0.010154793	0.293036167	0.033879367	-0.102281358	15	19	20	15
0.055369359	0.207441552	0.383921542	0.353267548	-1.404035791	0.007798089	0.283165802	0.047721282	-0.275031033	74	86	74	92
0.060453741	0.401201228	0.382039786	0.156305245	-2.786298615	0.006188674	0.280493547	0.061310528	-0.580856225	100	100	100	100
0.407533751	0.245257937	0.053866278	0.293342033	2.202647923	0.006846049	0.285046046	0.056325969	0.448047998	99	100	100	100
0.311007814	0.151055452	0.080693984	0.45724275	2.456721449	0.007086929	0.244149585	0.059224956	0.534253171	100	100	100	100
0.175683009	0.462306226	0.167392363	0.194618402	-0.816846022	0.010167048	0.18967387	0.0520523	-0.189329109	50	48	50	50
0.070718071	0.38315927	0.24247558	0.303647078	-1.464784512	0.008068714	0.241679615	0.053318258	-0.309359554	88	89	85	91
0.299623121	0.168932672	0.381018704	0.150425504	-0.356355316	0.00998069	0.185293961	0.054127212	-0.082937187	10	11	10	10
0.205419639	0.120429044	0.397189875	0.276961442	0.173458035	0.009852672	0.193000269	0.052604974	0.039502145	1	3	2	2
0.10002081	0.692160212	0.117712446	0.090106532	-2.201691271	0.011909678	0.310359246	0.028040727	-0.4327367	99	98	98	98
0.183752884	0.290218458	0.201503758	0.3245249	0.019512126	0.010002067	0.169318859	0.059048038	0.004741917	4	6	6	4
0.336917532	0.362740026	0.211383773	0.08895867	-0.939351643	0.008977032	0.216967881	0.052043962	-0.204731168	51	61	55	63
0.152942033	0.41400633	0.157891014	0.275160622	-0.440372282	0.010065038	0.189215705	0.052593833	-0.101530125	20	20	21	20
0.081694117	0.105710928	0.205041135	0.60755382	0.828503858	0.011522277	0.282235583	0.031144922	0.158423642	34	33	38	33
0.20211884	0.215603645	0.520523806	0.06175371	-2.196267481	0.007926789	0.277002257	0.048750733	-0.451753591	100	100	100	100
0.464283051	0.155998317	0.104574015	0.275144617	2.058050914	0.008037454	0.217612414	0.057766369	0.463629302	100	100	100	100
0.100248326	0.609078173	0.061892947	0.228780554	-0.496939227	0.011173234	0.32144985	0.028010187	-0.088208415	18	17	18	16
0.053807903	0.271015549	0.33023064	0.344945909	-1.573159552	0.007292561	0.282016478	0.051879177	-0.311440574	86	92	82	94
0.151537871	0.060599612	0.081486942	0.706375575	3.076251371	0.009484567	0.367883487	0.029871108	0.590771493	100	99	100	100
0.120869975	0.352881862	0.337825846	0.188422317	-1.655262659	0.008381528	0.193744949	0.061902425	-0.387609508	98	98	98	98
0.386050122	0.111747043	0.248319326	0.25388351	1.261889459	0.008934765	0.19505007	0.057985087	0.291787951	86	87	86	89
0.255871637	0.240513252	0.148709571	0.35490554	0.931757165	0.009452687	0.176081526	0.060220665	0.224302629	65	66	65	66
0.294671429	0.12160465	0.198506894	0.385217027	1.548068781	0.008606159	0.192505277	0.060736269	0.362645859	93	94	91	95
0.078732732	0.264202365	0.252397334	0.404667569	-0.738595024	0.008834065	0.229193464	0.049906889	-0.155880142	44	46	44	45
0.077718665	0.466196148	0.33497562	0.121109566	-2.808873126	0.006438118	0.262542197	0.060127	-0.598478945	99	100	100	100
0.066721842	0.115257731	0.364718171	0.453302256	-0.329204178	0.00959997	0.286116801	0.036516026	-0.061705606	9	17	19	14
0.079811317	0.644946673	0.121622862	0.153619148	-1.855950807	0.011242784	0.288118107	0.032088662	-0.36944439	86	85	87	86
0.339940814	0.359732679	0.080649278	0.219677229	0.945459797	0.008752255	0.226730307	0.051207555	0.201798137	57	63	59	64
0.243286578	0.218498249	0.443799332	0.094415841	-1.440201558	0.008873015	0.215317882	0.053435731	-0.320119078	94	94	93	95
0.655762473	0.106917566	0.11786681	0.119453151	1.827109512	0.011698135	0.277335779	0.031697849	0.369193823	92	89	91	90
